43  43   43   43  43  43  43  43  43  43  43  43  43  43  43  43  43  43  43  43  43
59  59   59   59   59   59   59   59   59   59   59   59   59   59   59   59   59   59   59   59   59
0    0    0    0    0    0    0    0    0    0    0    0    0    0    0    0    0    0    0    0    0    
0    0    0    0    0    0    0    0    3    3    3    3    3    0    0    0    0    0    0    0    0   
0    0    0    0    0    0    0    0    3    0    0    0    3    0    0    0    0    0    0    0    0   
0    3    3    3    0    0    0    0    3    0    0    0    3    0    0    0    0    0    0    0    0   
0    3    0    3    0    0    0    0    3    3    3    0    3    3    3    3    3    3    3    3    0   
0    3    0    3    0    0    0    0    0    0    3    0    0    0    0    0    0    0    0    3    0   
3    3    0    3    3    3    3    3    0    0    3    0    0    0    0    0    0    0    0    3    3   
0    0    0    0    0    0    0    3    0    3    3    0    0    0    0    0    0    0    0    0    0   
0    0    0    0    0    0    0    3    3    3    0    0    0    0    0    0    0    0    0    0    0   
0    0    0    0    0    0    0    0    0    0    0    0    0    0    0    0    0    0    0    0    0    
16   16  16   16  16  16  16  16  16  16  16  16  16  16  16  16  16  16  16  16  16  
