109 109 109 109 109 109 109 109 109 109 109 109 109 109 109 109 109 109 109 109 109
109 109 109 109 109 109 109 109 109 109 109 109 109 109 109 109 109 109 109 109 109
109 109 109 109 109 109 109 109 109 109 109 109 109 109 109 109 109 109  20  21 109
109 109 109 109   4 109 109 109 109 109 109 109 109 109 109 109 109 109  36  37   4
109 109 109 109 109 109 109 109 109 109  52 109 109 109 109 109 109 109 109 109   4
109 109 109 109   4   4 109 109 109 109  52 109 109 109 109 109 109 109 109 109 109
109 109 109 109 109 109 109 109 109 109 109 109 109 109 109 109 109 109 109 109 109
109 109 109 109 109 109 109 109 109 109 109 109 109 109 109 109 109 109 109 109 109
109 109 109 109 109 109 109 109 109 109 109 109 109   2   2   2   2   2 109 109 109
109 109 109 109 109 109 109 109 109 109 109 109 109 109 109 109 109 109 109 109 109
109   3  19 109 109   4 109 109 109 109 109 109 109 109  11  11  11  11  11  11  11
109  34  35 109 109 109 109 109 109 109 109 109 109 109 109 109 109 109 109 109 109
109 109 109 109 109 109 109 109 109 109 109 109 109 109 109 109 109 109 109 109 109